	-5		37.2001
	-4.9		35.5939
	-4.8		34.0249
	-4.7		32.4932
	-4.6		30.9986
	-4.5		29.5413
	-4.4		28.1212
	-4.3		26.7383
	-4.2		25.3926
	-4.1		24.0842
	-4		22.8129
	-3.9		21.5789
	-3.8		20.3821
	-3.7		19.2224
	-3.6		18.1
	-3.5		17.0149
	-3.4		15.9669
	-3.3		14.9562
	-3.2		13.9826
	-3.1		13.0463
	-3		12.1472
	-2.9		11.2853
	-2.8		10.4606
	-2.7		9.67314
	-2.6		8.92289
	-2.5		8.20986
	-2.4		7.53403
	-2.3		6.89542
	-2.2		6.29403
	-2.1		5.72985
	-2		5.20288
	-1.9		4.71313
	-1.8		4.2606
	-1.7		3.84527
	-1.6		3.46717
	-1.5		3.12627
	-1.4		2.82259
	-1.3		2.55613
	-1.2		2.32688
	-1.1		2.13484
	-1		1.98002
	-0.9		1.86241
	-0.8		1.78201
	-0.7		1.73884
	-0.6		1.73287
	-0.5		1.76412
	-0.4		1.83258
	-0.3		1.93826
	-0.2		2.08115
	-0.0999999		2.26126
	0		2.47858
	0.0999999		2.73311
	0.2		3.02486
	0.3		3.35383
	0.4		3.72001
	0.5		4.1234
	0.6		4.564
	0.7		5.04183
	0.8		5.55686
	0.9		6.10911
	1		6.69857
	1.1		7.32525
	1.2		7.98915
	1.3		8.69025
	1.4		9.42857
	1.5		10.2041
	1.6		11.0169
	1.7		11.8668
	1.8		12.754
	1.9		13.6784
	2		14.64
	2.1		15.6388
	2.2		16.6749
	2.3		17.7481
	2.4		18.8586
	2.5		20.0062
	2.6		21.1911
	2.7		22.4132
	2.8		23.6726
	2.9		24.9691
	3		26.3029
	3.1		27.6738
	3.2		29.082
	3.3		30.5274
	3.4		32.01
	3.5		33.5298
	3.6		35.0869
	3.7		36.6811
	3.8		38.3126
	3.9		39.9813
	4		41.6871
	4.1		43.4303
	4.2		45.2106
	4.3		47.0281
	4.4		48.8829
	4.5		50.7748
	4.6		52.704
	4.7		54.6704
	4.8		56.674
	4.9		58.7148
