0.01  40.1271  12.7124  
0.02  40.2542  12.7144  
0.03  40.3814  12.7165  
0.04  40.5086  12.7185  
0.05  40.6358  12.7206  
0.06  40.763  12.7226  
0.07  40.8902  12.7247  
0.08  41.0175  12.7268  
0.09  41.1447  12.7289  
0.1  41.272  12.731  
0.11  41.3994  12.7332  
0.12  41.5267  12.7353  
0.13  41.6541  12.7375  
0.14  41.7814  12.7396  
0.15  41.9089  12.7418  
0.16  42.0363  12.744  
0.17  42.1637  12.7462  
0.18  42.2912  12.7484  
0.19  42.4187  12.7507  
0.2  42.5462  12.7529  
0.21  42.6738  12.7552  
0.22  42.8013  12.7575  
0.23  42.9289  12.7597  
0.24  43.0565  12.762  
0.25  43.1841  12.7644  
0.26  43.3118  12.7667  
0.27  43.4395  12.769  
0.28  43.5672  12.7714  
0.29  43.6949  12.7737  
0.3  43.8226  12.7761  
0.31  43.9504  12.7785  
0.32  44.0782  12.7809  
0.33  44.206  12.7833  
0.34  44.3339  12.7857  
0.35  44.4617  12.7882  
0.36  44.5896  12.7906  
0.37  44.7175  12.7931  
0.38  44.8455  12.7956  
0.39  44.9734  12.798  
0.4  45.1014  12.8006  
0.41  45.2295  12.8031  
0.42  45.3575  12.8056  
0.43  45.4856  12.8081  
0.44  45.6137  12.8107  
0.45  45.7418  12.8133  
0.46  45.8699  12.8158  
0.47  45.9981  12.8184  
0.48  46.1263  12.821  
0.49  46.2545  12.8237  
0.5  46.3827  12.8263  
0.51  46.511  12.8289  
0.52  46.6393  12.8316  
0.53  46.7676  12.8343  
0.54  46.896  12.8369  
0.55  47.0244  12.8396  
0.56  47.1528  12.8423  
0.57  47.2812  12.8451  
0.58  47.4097  12.8478  
0.59  47.5382  12.8505  
0.6  47.6667  12.8533  
0.61  47.7952  12.8561  
0.62  47.9238  12.8589  
0.63  48.0524  12.8617  
0.64  48.181  12.8645  
0.65  48.3097  12.8673  
0.66  48.4384  12.8701  
0.67  48.5671  12.873  
0.68  48.6958  12.8758  
0.69  48.8246  12.8787  
0.7  48.9534  12.8816  
0.71  49.0822  12.8845  
0.72  49.2111  12.8874  
0.73  49.34  12.8903  
0.74  49.4689  12.8933  
0.75  49.5978  12.8962  
0.76  49.7268  12.8992  
0.77  49.8558  12.9022  
0.78  49.9848  12.9052  
0.79  50.1139  12.9082  
0.8  50.243  12.9112  
0.81  50.3721  12.9142  
0.82  50.5013  12.9173  
0.83  50.6305  12.9203  
0.84  50.7597  12.9234  
0.85  50.8889  12.9265  
0.86  51.0182  12.9296  
0.87  51.1475  12.9327  
0.88  51.2768  12.9358  
0.89  51.4062  12.9389  
0.9  51.5356  12.9421  
0.91  51.6651  12.9452  
0.92  51.7945  12.9484  
0.93  51.924  12.9516  
0.94  52.0535  12.9548  
0.95  52.1831  12.958  
0.96  52.3127  12.9612  
0.97  52.4423  12.9644  
0.98  52.572  12.9677  
0.99  52.7017  12.971  
1  52.8314  12.9742  
1.01  52.9612  12.9775  
1.02  53.0909  12.9808  
1.03  53.2208  12.9841  
1.04  53.3506  12.9875  
1.05  53.4805  12.9908  
1.06  53.6104  12.9942  
1.07  53.7404  12.9975  
1.08  53.8704  13.0009  
1.09  54.0004  13.0043  
1.1  54.1305  13.0077  
1.11  54.2606  13.0111  
1.12  54.3907  13.0146  
1.13  54.5208  13.018  
1.14  54.651  13.0215  
1.15  54.7813  13.0249  
1.16  54.9115  13.0284  
1.17  55.0418  13.0319  
1.18  55.1722  13.0354  
1.19  55.3025  13.0389  
1.2  55.4329  13.0425  
1.21  55.5634  13.046  
1.22  55.6938  13.0496  
1.23  55.8244  13.0532  
1.24  55.9549  13.0567  
1.25  56.0855  13.0603  
1.26  56.2161  13.064  
1.27  56.3468  13.0676  
1.28  56.4775  13.0712  
1.29  56.6082  13.0749  
1.3  56.7389  13.0785  
1.31  56.8697  13.0822  
1.32  57.0006  13.0859  
1.33  57.1315  13.0896  
1.34  57.2624  13.0933  
1.35  57.3933  13.0971  
1.36  57.5243  13.1008  
1.37  57.6553  13.1046  
1.38  57.7864  13.1083  
1.39  57.9175  13.1121  
1.4  58.0486  13.1159  
1.41  58.1798  13.1197  
1.42  58.311  13.1236  
1.43  58.4423  13.1274  
1.44  58.5736  13.1313  
1.45  58.7049  13.1351  
1.46  58.8363  13.139  
1.47  58.9677  13.1429  
1.48  59.0991  13.1468  
1.49  59.2306  13.1507  
1.5  59.3621  13.1546  
1.51  59.4937  13.1586  
1.52  59.6253  13.1625  
1.53  59.7569  13.1665  
1.54  59.8886  13.1705  
1.55  60.0203  13.1745  
1.56  60.1521  13.1785  
1.57  60.2839  13.1825  
1.58  60.4157  13.1865  
1.59  60.5476  13.1906  
1.6  60.6795  13.1946  
1.61  60.8115  13.1987  
1.62  60.9435  13.2028  
1.63  61.0755  13.2069  
1.64  61.2076  13.211  
1.65  61.3398  13.2151  
1.66  61.4719  13.2193  
1.67  61.6041  13.2234  
1.68  61.7364  13.2276  
1.69  61.8687  13.2318  
1.7  62.001  13.236  
1.71  62.1334  13.2402  
1.72  62.2658  13.2444  
1.73  62.3983  13.2486  
1.74  62.5308  13.2529  
1.75  62.6633  13.2571  
1.76  62.7959  13.2614  
1.77  62.9285  13.2657  
1.78  63.0612  13.27  
1.79  63.1939  13.2743  
1.8  63.3267  13.2786  
1.81  63.4595  13.283  
1.82  63.5923  13.2873  
1.83  63.7252  13.2917  
1.84  63.8582  13.296  
1.85  63.9912  13.3004  
1.86  64.1242  13.3048  
1.87  64.2572  13.3093  
1.88  64.3904  13.3137  
1.89  64.5235  13.3181  
1.9  64.6567  13.3226  
1.91  64.79  13.3271  
1.92  64.9232  13.3316  
1.93  65.0566  13.336  
1.94  65.19  13.3406  
1.95  65.3234  13.3451  
1.96  65.4568  13.3496  
1.97  65.5904  13.3542  
1.98  65.7239  13.3587  
1.99  65.8575  13.3633  
2  65.9912  13.3679  
2.01  66.1249  13.3725  
2.02  66.2586  13.3771  
2.03  66.3924  13.3818  
2.04  66.5262  13.3864  
2.05  66.6601  13.3911  
2.06  66.7941  13.3957  
2.07  66.928  13.4004  
2.08  67.0621  13.4051  
2.09  67.1961  13.4098  
2.1  67.3302  13.4146  
2.11  67.4644  13.4193  
2.12  67.5986  13.424  
2.13  67.7329  13.4288  
2.14  67.8672  13.4336  
2.15  68.0015  13.4384  
2.16  68.136  13.4432  
2.17  68.2704  13.448  
2.18  68.4049  13.4528  
2.19  68.5395  13.4577  
2.2  68.6741  13.4625  
2.21  68.8087  13.4674  
2.22  68.9434  13.4723  
2.23  69.0781  13.4772  
2.24  69.2129  13.4821  
2.25  69.3478  13.487  
2.26  69.4827  13.492  
2.27  69.6176  13.4969  
2.28  69.7526  13.5019  
2.29  69.8876  13.5069  
2.3  70.0227  13.5119  
2.31  70.1579  13.5169  
2.32  70.2931  13.5219  
2.33  70.4283  13.5269  
2.34  70.5636  13.532  
2.35  70.6989  13.5371  
2.36  70.8343  13.5421  
2.37  70.9698  13.5472  
2.38  71.1052  13.5523  
2.39  71.2408  13.5574  
2.4  71.3764  13.5626  
2.41  71.512  13.5677  
2.42  71.6477  13.5729  
2.43  71.7835  13.578  
2.44  71.9193  13.5832  
2.45  72.0551  13.5884  
2.46  72.191  13.5936  
2.47  72.327  13.5989  
2.48  72.463  13.6041  
2.49  72.5991  13.6093  
2.5  72.7352  13.6146  
2.51  72.8714  13.6199  
2.52  73.0076  13.6252  
2.53  73.1439  13.6305  
2.54  73.2802  13.6358  
2.55  73.4166  13.6411  
2.56  73.553  13.6465  
2.57  73.6895  13.6519  
2.58  73.826  13.6572  
2.59  73.9626  13.6626  
2.6  74.0993  13.668  
2.61  74.236  13.6734  
2.62  74.3727  13.6789  
2.63  74.5096  13.6843  
2.64  74.6464  13.6898  
2.65  74.7833  13.6952  
2.66  74.9203  13.7007  
2.67  75.0574  13.7062  
2.68  75.1944  13.7117  
2.69  75.3316  13.7173  
2.7  75.4688  13.7228  
2.71  75.606  13.7283  
2.72  75.7433  13.7339  
2.73  75.8807  13.7395  
2.74  76.0181  13.7451  
2.75  76.1556  13.7507  
2.76  76.2931  13.7563  
2.77  76.4307  13.7619  
2.78  76.5683  13.7676  
2.79  76.706  13.7733  
2.8  76.8438  13.7789  
2.81  76.9816  13.7846  
2.82  77.1195  13.7903  
2.83  77.2574  13.796  
2.84  77.3954  13.8018  
2.85  77.5334  13.8075  
2.86  77.6715  13.8133  
2.87  77.8097  13.8191  
2.88  77.9479  13.8248  
2.89  78.0862  13.8306  
2.9  78.2245  13.8365  
2.91  78.3629  13.8423  
2.92  78.5013  13.8481  
2.93  78.6398  13.854  
2.94  78.7784  13.8599  
2.95  78.917  13.8657  
2.96  79.0557  13.8716  
2.97  79.1945  13.8775  
2.98  79.3333  13.8835  
2.99  79.4721  13.8894  
3  79.611  13.8954  
3.01  79.75  13.9013  
3.02  79.889  13.9073  
3.03  80.0281  13.9133  
3.04  80.1673  13.9193  
3.05  80.3065  13.9253  
3.06  80.4458  13.9314  
3.07  80.5851  13.9374  
3.08  80.7245  13.9435  
3.09  80.864  13.9496  
3.1  81.0035  13.9557  
3.11  81.1431  13.9618  
3.12  81.2827  13.9679  
3.13  81.4224  13.974  
3.14  81.5622  13.9802  
3.15  81.702  13.9863  
3.16  81.8419  13.9925  
3.17  81.9819  13.9987  
3.18  82.1219  14.0049  
3.19  82.262  14.0111  
3.2  82.4021  14.0173  
3.21  82.5423  14.0236  
3.22  82.6826  14.0299  
3.23  82.8229  14.0361  
3.24  82.9633  14.0424  
3.25  83.1037  14.0487  
3.26  83.2442  14.055  
3.27  83.3848  14.0614  
3.28  83.5255  14.0677  
3.29  83.6662  14.0741  
3.3  83.8069  14.0804  
3.31  83.9478  14.0868  
3.32  84.0886  14.0932  
3.33  84.2296  14.0996  
3.34  84.3706  14.1061  
3.35  84.5117  14.1125  
3.36  84.6529  14.119  
3.37  84.7941  14.1254  
3.38  84.9354  14.1319  
3.39  85.0767  14.1384  
3.4  85.2181  14.1449  
3.41  85.3596  14.1515  
3.42  85.5012  14.158  
3.43  85.6428  14.1646  
3.44  85.7844  14.1711  
3.45  85.9262  14.1777  
3.46  86.068  14.1843  
3.47  86.2098  14.1909  
3.48  86.3518  14.1976  
3.49  86.4938  14.2042  
3.5  86.6359  14.2109  
3.51  86.778  14.2175  
3.52  86.9202  14.2242  
3.53  87.0625  14.2309  
3.54  87.2048  14.2376  
3.55  87.3472  14.2443  
3.56  87.4897  14.2511  
3.57  87.6322  14.2578  
3.58  87.7748  14.2646  
3.59  87.9175  14.2714  
3.6  88.0602  14.2782  
3.61  88.2031  14.285  
3.62  88.3459  14.2918  
3.63  88.4889  14.2987  
3.64  88.6319  14.3055  
3.65  88.775  14.3124  
3.66  88.9181  14.3193  
3.67  89.0613  14.3262  
3.68  89.2046  14.3331  
3.69  89.348  14.34  
3.7  89.4914  14.347  
3.71  89.6349  14.3539  
3.72  89.7785  14.3609  
3.73  89.9221  14.3679  
3.74  90.0658  14.3749  
3.75  90.2096  14.3819  
3.76  90.3535  14.3889  
3.77  90.4974  14.3959  
3.78  90.6414  14.403  
3.79  90.7854  14.4101  
3.8  90.9296  14.4172  
3.81  91.0738  14.4243  
3.82  91.218  14.4314  
3.83  91.3624  14.4385  
3.84  91.5068  14.4456  
3.85  91.6513  14.4528  
3.86  91.7958  14.46  
3.87  91.9405  14.4671  
3.88  92.0852  14.4743  
3.89  92.2299  14.4816  
3.9  92.3748  14.4888  
3.91  92.5197  14.496  
3.92  92.6647  14.5033  
3.93  92.8097  14.5106  
3.94  92.9549  14.5179  
3.95  93.1001  14.5252  
3.96  93.2454  14.5325  
3.97  93.3907  14.5398  
3.98  93.5362  14.5471  
3.99  93.6817  14.5545  
4  93.8272  14.5619  
4.01  93.9729  14.5693  
4.02  94.1186  14.5767  
4.03  94.2644  14.5841  
4.04  94.4103  14.5915  
4.05  94.5562  14.599  
4.06  94.7022  14.6064  
4.07  94.8483  14.6139  
4.08  94.9945  14.6214  
4.09  95.1408  14.6289  
4.1  95.2871  14.6364  
4.11  95.4335  14.644  
4.12  95.5799  14.6515  
4.13  95.7265  14.6591  
4.14  95.8731  14.6667  
4.15  96.0198  14.6742  
4.16  96.1666  14.6819  
4.17  96.3134  14.6895  
4.18  96.4604  14.6971  
4.19  96.6074  14.7048  
4.2  96.7544  14.7124  
4.21  96.9016  14.7201  
4.22  97.0488  14.7278  
4.23  97.1961  14.7355  
4.24  97.3435  14.7432  
4.25  97.491  14.751  
4.26  97.6385  14.7587  
4.27  97.7861  14.7665  
4.28  97.9338  14.7743  
4.29  98.0816  14.7821  
4.3  98.2295  14.7899  
4.31  98.3774  14.7977  
4.32  98.5254  14.8056  
4.33  98.6735  14.8134  
4.34  98.8217  14.8213  
4.35  98.9699  14.8292  
4.36  99.1182  14.8371  
4.37  99.2666  14.845  
4.38  99.4151  14.853  
4.39  99.5637  14.8609  
4.4  99.7123  14.8689  
4.41  99.8611  14.8768  
4.42  100.01  14.8848  
4.43  100.159  14.8928  
4.44  100.308  14.9009  
4.45  100.457  14.9089  
4.46  100.606  14.917  
4.47  100.755  14.925  
4.48  100.904  14.9331  
4.49  101.054  14.9412  
4.5  101.203  14.9493  
4.51  101.353  14.9574  
4.52  101.502  14.9656  
4.53  101.652  14.9737  
4.54  101.802  14.9819  
4.55  101.952  14.9901  
4.56  102.102  14.9983  
4.57  102.252  15.0065  
4.58  102.402  15.0147  
4.59  102.552  15.023  
4.6  102.702  15.0313  
4.61  102.852  15.0395  
4.62  103.003  15.0478  
4.63  103.153  15.0561  
4.64  103.304  15.0644  
4.65  103.455  15.0728  
4.66  103.605  15.0811  
4.67  103.756  15.0895  
4.68  103.907  15.0979  
4.69  104.058  15.1063  
4.7  104.209  15.1147  
4.71  104.361  15.1231  
4.72  104.512  15.1316  
4.73  104.663  15.14  
4.74  104.815  15.1485  
4.75  104.966  15.157  
4.76  105.118  15.1655  
4.77  105.269  15.174  
4.78  105.421  15.1825  
4.79  105.573  15.1911  
4.8  105.725  15.1996  
4.81  105.877  15.2082  
4.82  106.029  15.2168  
4.83  106.181  15.2254  
4.84  106.334  15.2341  
4.85  106.486  15.2427  
4.86  106.638  15.2514  
4.87  106.791  15.26  
4.88  106.944  15.2687  
4.89  107.096  15.2774  
4.9  107.249  15.2861  
4.91  107.402  15.2949  
4.92  107.555  15.3036  
4.93  107.708  15.3124  
4.94  107.861  15.3211  
4.95  108.015  15.3299  
4.96  108.168  15.3387  
4.97  108.321  15.3476  
4.98  108.475  15.3564  
4.99  108.628  15.3653  
5  108.782  15.3741  
5.01  108.936  15.383  
5.02  109.09  15.3919  
5.03  109.244  15.4008  
5.04  109.398  15.4098  
5.05  109.552  15.4187  
5.06  109.706  15.4277  
5.07  109.86  15.4366  
5.08  110.015  15.4456  
5.09  110.169  15.4546  
5.1  110.324  15.4637  
5.11  110.479  15.4727  
5.12  110.633  15.4818  
5.13  110.788  15.4908  
5.14  110.943  15.4999  
5.15  111.098  15.509  
5.16  111.253  15.5181  
5.17  111.409  15.5273  
5.18  111.564  15.5364  
5.19  111.719  15.5456  
5.2  111.875  15.5547  
5.21  112.03  15.5639  
5.22  112.186  15.5732  
5.23  112.342  15.5824  
5.24  112.498  15.5916  
5.25  112.654  15.6009  
5.26  112.81  15.6101  
5.27  112.966  15.6194  
5.28  113.122  15.6287  
5.29  113.278  15.6381  
5.3  113.435  15.6474  
5.31  113.591  15.6567  
5.32  113.748  15.6661  
5.33  113.905  15.6755  
5.34  114.061  15.6849  
5.35  114.218  15.6943  
5.36  114.375  15.7037  
5.37  114.532  15.7132  
5.38  114.689  15.7226  
5.39  114.847  15.7321  
5.4  115.004  15.7416  
5.41  115.162  15.7511  
5.42  115.319  15.7606  
5.43  115.477  15.7702  
5.44  115.634  15.7797  
5.45  115.792  15.7893  
5.46  115.95  15.7989  
5.47  116.108  15.8085  
5.48  116.266  15.8181  
5.49  116.425  15.8277  
5.5  116.583  15.8374  
5.51  116.741  15.847  
5.52  116.9  15.8567  
5.53  117.058  15.8664  
5.54  117.217  15.8761  
5.55  117.376  15.8859  
5.56  117.535  15.8956  
5.57  117.694  15.9054  
5.58  117.853  15.9151  
5.59  118.012  15.9249  
5.6  118.171  15.9347  
5.61  118.331  15.9446  
5.62  118.49  15.9544  
5.63  118.65  15.9643  
5.64  118.81  15.9741  
5.65  118.969  15.984  
5.66  119.129  15.9939  
5.67  119.289  16.0038  
5.68  119.449  16.0138  
5.69  119.61  16.0237  
5.7  119.77  16.0337  
5.71  119.93  16.0437  
5.72  120.091  16.0537  
5.73  120.251  16.0637  
5.74  120.412  16.0737  
5.75  120.573  16.0838  
5.76  120.734  16.0938  
5.77  120.895  16.1039  
5.78  121.056  16.114  
5.79  121.217  16.1241  
5.8  121.378  16.1343  
5.81  121.539  16.1444  
5.82  121.701  16.1546  
5.83  121.863  16.1647  
5.84  122.024  16.1749  
5.85  122.186  16.1851  
5.86  122.348  16.1954  
5.87  122.51  16.2056  
5.88  122.672  16.2159  
5.89  122.834  16.2261  
5.9  122.997  16.2364  
5.91  123.159  16.2467  
5.92  123.321  16.2571  
5.93  123.484  16.2674  
5.94  123.647  16.2778  
5.95  123.81  16.2881  
5.96  123.973  16.2985  
5.97  124.136  16.3089  
5.98  124.299  16.3193  
5.99  124.462  16.3298  
6  124.625  16.3402  
6.01  124.789  16.3507  
6.02  124.952  16.3612  
6.03  125.116  16.3717  
6.04  125.28  16.3822  
6.05  125.444  16.3927  
6.06  125.607  16.4033  
6.07  125.772  16.4139  
6.08  125.936  16.4244  
6.09  126.1  16.435  
6.1  126.264  16.4457  
6.11  126.429  16.4563  
6.12  126.594  16.4669  
6.13  126.758  16.4776  
6.14  126.923  16.4883  
6.15  127.088  16.499  
6.16  127.253  16.5097  
6.17  127.418  16.5204  
6.18  127.583  16.5312  
6.19  127.749  16.542  
6.2  127.914  16.5527  
6.21  128.08  16.5635  
6.22  128.245  16.5743  
6.23  128.411  16.5852  
6.24  128.577  16.596  
6.25  128.743  16.6069  
6.26  128.909  16.6178  
6.27  129.076  16.6287  
6.28  129.242  16.6396  
6.29  129.408  16.6505  
6.3  129.575  16.6615  
6.31  129.742  16.6724  
6.32  129.908  16.6834  
6.33  130.075  16.6944  
6.34  130.242  16.7054  
6.35  130.409  16.7165  
6.36  130.576  16.7275  
6.37  130.744  16.7386  
6.38  130.911  16.7496  
6.39  131.079  16.7607  
6.4  131.246  16.7719  
6.41  131.414  16.783  
6.42  131.582  16.7941  
6.43  131.75  16.8053  
6.44  131.918  16.8165  
6.45  132.086  16.8277  
6.46  132.255  16.8389  
6.47  132.423  16.8501  
6.48  132.592  16.8614  
6.49  132.76  16.8727  
6.5  132.929  16.8839  
6.51  133.098  16.8952  
6.52  133.267  16.9065  
6.53  133.436  16.9179  
6.54  133.605  16.9292  
6.55  133.775  16.9406  
6.56  133.944  16.952  
6.57  134.114  16.9634  
6.58  134.283  16.9748  
6.59  134.453  16.9862  
6.6  134.623  16.9977  
6.61  134.793  17.0092  
6.62  134.963  17.0206  
6.63  135.133  17.0322  
6.64  135.304  17.0437  
6.65  135.474  17.0552  
6.66  135.645  17.0668  
6.67  135.816  17.0783  
6.68  135.986  17.0899  
6.69  136.157  17.1015  
6.7  136.328  17.1132  
6.71  136.5  17.1248  
6.72  136.671  17.1365  
6.73  136.842  17.1481  
6.74  137.014  17.1598  
6.75  137.186  17.1715  
6.76  137.357  17.1833  
6.77  137.529  17.195  
6.78  137.701  17.2068  
6.79  137.873  17.2185  
6.8  138.046  17.2303  
6.81  138.218  17.2421  
6.82  138.39  17.254  
6.83  138.563  17.2658  
6.84  138.736  17.2777  
6.85  138.908  17.2896  
6.86  139.081  17.3015  
6.87  139.255  17.3134  
6.88  139.428  17.3253  
6.89  139.601  17.3373  
6.9  139.774  17.3492  
6.91  139.948  17.3612  
6.92  140.122  17.3732  
6.93  140.295  17.3852  
6.94  140.469  17.3973  
6.95  140.643  17.4093  
6.96  140.817  17.4214  
6.97  140.992  17.4335  
6.98  141.166  17.4456  
6.99  141.341  17.4577  
7  141.515  17.4699  
7.01  141.69  17.482  
7.02  141.865  17.4942  
7.03  142.04  17.5064  
7.04  142.215  17.5186  
7.05  142.39  17.5308  
7.06  142.566  17.5431  
7.07  142.741  17.5553  
7.08  142.917  17.5676  
7.09  143.092  17.5799  
7.1  143.268  17.5922  
7.11  143.444  17.6046  
7.12  143.62  17.6169  
7.13  143.797  17.6293  
7.14  143.973  17.6417  
7.15  144.149  17.6541  
7.16  144.326  17.6665  
7.17  144.503  17.6789  
7.18  144.679  17.6914  
7.19  144.856  17.7039  
7.2  145.034  17.7164  
7.21  145.211  17.7289  
7.22  145.388  17.7414  
7.23  145.566  17.754  
7.24  145.743  17.7665  
7.25  145.921  17.7791  
7.26  146.099  17.7917  
7.27  146.277  17.8043  
7.28  146.455  17.817  
7.29  146.633  17.8296  
7.3  146.811  17.8423  
7.31  146.99  17.855  
7.32  147.168  17.8677  
7.33  147.347  17.8804  
7.34  147.526  17.8931  
7.35  147.705  17.9059  
7.36  147.884  17.9187  
7.37  148.063  17.9315  
7.38  148.243  17.9443  
7.39  148.422  17.9571  
7.4  148.602  17.97  
7.41  148.782  17.9828  
7.42  148.961  17.9957  
7.43  149.141  18.0086  
7.44  149.322  18.0215  
7.45  149.502  18.0345  
7.46  149.682  18.0474  
7.47  149.863  18.0604  
7.48  150.043  18.0734  
7.49  150.224  18.0864  
7.5  150.405  18.0995  
7.51  150.586  18.1125  
7.52  150.767  18.1256  
7.53  150.949  18.1387  
7.54  151.13  18.1518  
7.55  151.312  18.1649  
7.56  151.493  18.178  
7.57  151.675  18.1912  
7.58  151.857  18.2043  
7.59  152.039  18.2175  
7.6  152.222  18.2307  
7.61  152.404  18.244  
7.62  152.586  18.2572  
7.63  152.769  18.2705  
7.64  152.952  18.2838  
7.65  153.135  18.2971  
7.66  153.318  18.3104  
7.67  153.501  18.3237  
7.68  153.684  18.3371  
7.69  153.868  18.3505  
7.7  154.051  18.3639  
7.71  154.235  18.3773  
7.72  154.419  18.3907  
7.73  154.603  18.4042  
7.74  154.787  18.4176  
7.75  154.971  18.4311  
7.76  155.155  18.4446  
7.77  155.34  18.4581  
7.78  155.525  18.4717  
7.79  155.709  18.4852  
7.8  155.894  18.4988  
7.81  156.079  18.5124  
7.82  156.264  18.526  
7.83  156.45  18.5397  
7.84  156.635  18.5533  
7.85  156.821  18.567  
7.86  157.007  18.5807  
7.87  157.192  18.5944  
7.88  157.378  18.6081  
7.89  157.565  18.6219  
7.9  157.751  18.6356  
7.91  157.937  18.6494  
7.92  158.124  18.6632  
7.93  158.31  18.677  
7.94  158.497  18.6909  
7.95  158.684  18.7047  
7.96  158.871  18.7186  
7.97  159.059  18.7325  
7.98  159.246  18.7464  
7.99  159.433  18.7603  
8  159.621  18.7743  
8.01  159.809  18.7883  
8.02  159.997  18.8023  
8.03  160.185  18.8163  
8.04  160.373  18.8303  
8.05  160.562  18.8443  
8.06  160.75  18.8584  
8.07  160.939  18.8725  
8.08  161.127  18.8866  
8.09  161.316  18.9007  
8.1  161.505  18.9148  
8.11  161.695  18.929  
8.12  161.884  18.9432  
8.13  162.074  18.9574  
8.14  162.263  18.9716  
8.15  162.453  18.9858  
8.16  162.643  19.0001  
8.17  162.833  19.0144  
8.18  163.023  19.0286  
8.19  163.213  19.043  
8.2  163.404  19.0573  
8.21  163.595  19.0716  
8.22  163.785  19.086  
8.23  163.976  19.1004  
8.24  164.167  19.1148  
8.25  164.359  19.1292  
8.26  164.55  19.1437  
8.27  164.741  19.1581  
8.28  164.933  19.1726  
8.29  165.125  19.1871  
8.3  165.317  19.2016  
8.31  165.509  19.2162  
8.32  165.701  19.2307  
8.33  165.893  19.2453  
8.34  166.086  19.2599  
8.35  166.279  19.2745  
8.36  166.471  19.2892  
8.37  166.664  19.3038  
8.38  166.857  19.3185  
8.39  167.051  19.3332  
8.4  167.244  19.3479  
8.41  167.438  19.3626  
8.42  167.631  19.3774  
8.43  167.825  19.3922  
8.44  168.019  19.4069  
8.45  168.213  19.4218  
8.46  168.408  19.4366  
8.47  168.602  19.4514  
8.48  168.797  19.4663  
8.49  168.991  19.4812  
8.5  169.186  19.4961  
8.51  169.381  19.511  
8.52  169.576  19.526  
8.53  169.772  19.5409  
8.54  169.967  19.5559  
8.55  170.163  19.5709  
8.56  170.359  19.5859  
8.57  170.554  19.601  
8.58  170.751  19.6161  
8.59  170.947  19.6311  
8.6  171.143  19.6462  
8.61  171.34  19.6614  
8.62  171.536  19.6765  
8.63  171.733  19.6917  
8.64  171.93  19.7068  
8.65  172.127  19.722  
8.66  172.325  19.7373  
8.67  172.522  19.7525  
8.68  172.72  19.7678  
8.69  172.917  19.7831  
8.7  173.115  19.7984  
8.71  173.313  19.8137  
8.72  173.511  19.829  
8.73  173.71  19.8444  
8.74  173.908  19.8598  
8.75  174.107  19.8752  
8.76  174.306  19.8906  
8.77  174.505  19.906  
8.78  174.704  19.9215  
8.79  174.903  19.9369  
8.8  175.103  19.9524  
8.81  175.302  19.968  
8.82  175.502  19.9835  
8.83  175.702  19.9991  
8.84  175.902  20.0146  
8.85  176.102  20.0302  
8.86  176.302  20.0459  
8.87  176.503  20.0615  
8.88  176.704  20.0772  
8.89  176.904  20.0928  
8.9  177.105  20.1085  
8.91  177.307  20.1243  
8.92  177.508  20.14  
8.93  177.709  20.1557  
8.94  177.911  20.1715  
8.95  178.113  20.1873  
8.96  178.315  20.2031  
8.97  178.517  20.219  
8.98  178.719  20.2348  
8.99  178.921  20.2507  
9  179.124  20.2666  
9.01  179.327  20.2825  
9.02  179.53  20.2985  
9.03  179.733  20.3144  
9.04  179.936  20.3304  
9.05  180.139  20.3464  
9.06  180.343  20.3625  
9.07  180.547  20.3785  
9.08  180.75  20.3946  
9.09  180.954  20.4106  
9.1  181.159  20.4267  
9.11  181.363  20.4429  
9.12  181.567  20.459  
9.13  181.772  20.4752  
9.14  181.977  20.4914  
9.15  182.182  20.5076  
9.16  182.387  20.5238  
9.17  182.592  20.54  
9.18  182.798  20.5563  
9.19  183.003  20.5726  
9.2  183.209  20.5889  
9.21  183.415  20.6052  
9.22  183.621  20.6216  
9.23  183.828  20.638  
9.24  184.034  20.6544  
9.25  184.241  20.6708  
9.26  184.447  20.6872  
9.27  184.654  20.7037  
9.28  184.861  20.7201  
9.29  185.069  20.7366  
9.3  185.276  20.7531  
9.31  185.484  20.7697  
9.32  185.692  20.7862  
9.33  185.899  20.8028  
9.34  186.108  20.8194  
9.35  186.316  20.836  
9.36  186.524  20.8527  
9.37  186.733  20.8693  
9.38  186.942  20.886  
9.39  187.151  20.9027  
9.4  187.36  20.9194  
9.41  187.569  20.9362  
9.42  187.778  20.9529  
9.43  187.988  20.9697  
9.44  188.198  20.9865  
9.45  188.408  21.0034  
9.46  188.618  21.0202  
9.47  188.828  21.0371  
9.48  189.038  21.054  
9.49  189.249  21.0709  
9.5  189.46  21.0878  
9.51  189.671  21.1048  
9.52  189.882  21.1218  
9.53  190.093  21.1388  
9.54  190.305  21.1558  
9.55  190.516  21.1728  
9.56  190.728  21.1899  
9.57  190.94  21.207  
9.58  191.152  21.2241  
9.59  191.364  21.2412  
9.6  191.577  21.2583  
9.61  191.79  21.2755  
9.62  192.002  21.2927  
9.63  192.215  21.3099  
9.64  192.429  21.3271  
9.65  192.642  21.3444  
9.66  192.855  21.3616  
9.67  193.069  21.3789  
9.68  193.283  21.3963  
9.69  193.497  21.4136  
9.7  193.711  21.4309  
9.71  193.926  21.4483  
9.72  194.14  21.4657  
9.73  194.355  21.4832  
9.74  194.57  21.5006  
9.75  194.785  21.5181  
9.76  195  21.5355  
9.77  195.216  21.5531  
9.78  195.431  21.5706  
9.79  195.647  21.5881  
9.8  195.863  21.6057  
9.81  196.079  21.6233  
9.82  196.295  21.6409  
9.83  196.512  21.6586  
9.84  196.729  21.6762  
9.85  196.945  21.6939  
9.86  197.162  21.7116  
9.87  197.38  21.7293  
9.88  197.597  21.7471  
9.89  197.814  21.7649  
9.9  198.032  21.7826  
9.91  198.25  21.8005  
9.92  198.468  21.8183  
9.93  198.686  21.8361  
9.94  198.905  21.854  
9.95  199.123  21.8719  
9.96  199.342  21.8898  
9.97  199.561  21.9078  
9.98  199.78  21.9258  
9.99  200  21.9437  
10  200.219  21.9617  
